20765196
12403758
135053737





13069991
195310233
13069991
206947265
51556033
195310233
20765196
38375746
206947265
135053737
38375746
206947265
206947265
13069991
109828457
206947265
206947265
120727528
135053737
12403758
12403758
12403758
12403758
109828457
195310233
135053737
195310233
109828457
109828457
51556033
38375746
51556033
12403758
12403758
20765196
13069991
120727528
38375746
38375746
195310233
13069991
109828457
13069991
51556033
13069991
20765196
206947265
109828457
109828457
51556033
109828457
135053737
51556033
135053737
135053737
51556033
135053737
109828457
20765196
135053737
109828457
13069991
195310233
20765196
195310233
109828457
120727528
20765196
109828457
12403758
20765196
13069991
12403758
195310233
195310233
20765196
120727528
135053737
20765196
20765196
51556033
20765196
135053737
12403758
195310233
12403758
195310233
195310233
206947265
12403758
20765196
206947265
206947265
38375746
109828457
109828457
20765196
20765196
135053737
109828457
135053737
38375746
195310233
51556033
51556033
20765196
206947265
109828457
20765196
135053737
20765196
135053737
13069991
206947265
195310233
38375746
13069991
13069991
109828457
120727528
135053737
51556033
12403758
120727528
195310233
206947265
120727528
51556033
109828457
38375746
20765196
120727528
20765196
12403758
38375746
12403758
135053737
13069991
12403758
51556033
206947265
12403758
195310233
195310233
206947265
20765196
38375746
195310233
109828457
12403758
20765196
51556033
13069991
109828457
12403758
38375746
206947265
13069991
51556033
38375746
206947265
