<<<<<<< HEAD
195310233
109828457
51556033
38375746
195310233
38375746
195310233
206947265
195310233
206947265
38375746
195310233
206947265
195310233
195310233
206947265
195310233
206947265
195310233
206947265
206947265
109828457
195310233
206947265
109828457
195310233
109828457
206947265
109828457
195310233
109828457
206947265
109828457
195310233
109828457
206947265
109828457
195310233
109828457
206947265
109828457
206947265
109828457
206947265
109828457
195310233
206947265
195310233
206947265
195310233
=======
>>>>>>> 4607828a5b024bc26199ee27159f4aa6ce9bf584
